# A simple example of a scene description to render with rt

camera (-1.5, 1.2, 3) (0, 0.5, 0) (0, 1, 0)

light (-10, 10, 5) [0.8, 0.8 , 0.8]
light ( 5 ,  3, 5) [0.3, 0.3 , 0.3]
light ( 0 , -1, 0) [0.8, 0.75, 0.7]

# ice
plane  0 (0,  1, 0) [0.67, 0.84, 0.9 ] 0.1
plane  2 (0, -1, 0) [0.53, 0.81, 0.98] 0

# snowman
sphere 0.4 (0, 0.3, 0) [1, 1, 1] 0
sphere 0.3 (0, 0.8, 0) [1, 1, 1] 0
sphere 0.2 (0, 1.2, 0) [1, 1, 1] 0

# hat
cylinder 0.15 0.2 (0, 1.4 , 0) (0, 1, 0) [0.1, 0.1, 0.1] 0
cylinder 0.3 0.02 (0, 1.33, 0) (0, 1, 0) [0.1, 0.1, 0.1] 0

# eyes
sphere 0.02 ( 0.05, 1.25, 0.18) [0.1, 0.1, 0.1] 0
sphere 0.02 (-0.05, 1.25, 0.18) [0.1, 0.1, 0.1] 0

#nose
cylinder 0.02 0.1 (0, 1.2, 0.29) (0, 0, 1) [0.92, 0.56, 0.13] 0
